     600.0000     300.0000           0
     600.0000     300.0000    0.000000       0.0000       0.0000
     900.0000     300.9174    0.000000       0.0000       0.0000
    1200.0000     301.8376    0.000000       0.0000       0.0000
    1500.0000     302.7607    0.000000       0.0000       0.0000
    1800.0000     303.6866    0.000000       0.0000       0.0000
    2100.0000     304.6153    0.000000       0.0000       0.0000
    2400.0000     305.5468    0.000000       0.0000       0.0000
    2700.0000     306.4812    0.000000       0.0000       0.0000
    3000.0000     307.4185    0.000000       0.0000       0.0000
    3300.0000     308.3586    0.000000       0.0000       0.0000
    3600.0000     309.3016    0.000000       0.0000       0.0000
    3900.0000     310.2475    0.000000       0.0000       0.0000
    4200.0000     311.1963    0.000000       0.0000       0.0000
    4500.0000     312.1480    0.000000       0.0000       0.0000
    4800.0000     313.1026    0.000000       0.0000       0.0000
    5100.0000     314.0601    0.000000       0.0000       0.0000
    5400.0000     315.0205    0.000000       0.0000       0.0000
    5700.0000     315.9839    0.000000       0.0000       0.0000
    6000.0000     316.9502    0.000000       0.0000       0.0000
    6300.0000     317.9195    0.000000       0.0000       0.0000
    6600.0000     318.8917    0.000000       0.0000       0.0000
    6900.0000     319.8669    0.000000       0.0000       0.0000
    7200.0000     320.8451    0.000000       0.0000       0.0000
    7500.0000     321.8263    0.000000       0.0000       0.0000
    7800.0000     322.8105    0.000000       0.0000       0.0000
    8100.0000     323.7977    0.000000       0.0000       0.0000
    8400.0000     324.7879    0.000000       0.0000       0.0000
    8700.0000     325.7811    0.000000       0.0000       0.0000
    9000.0000     326.7774    0.000000       0.0000       0.0000
    9300.0000     327.7767    0.000000       0.0000       0.0000
    9600.0000     328.7791    0.000000       0.0000       0.0000
    9900.0000     329.7845    0.000000       0.0000       0.0000
   10200.0000     330.7930    0.000000       0.0000       0.0000
   10500.0000     331.8046    0.000000       0.0000       0.0000
   10800.0000     332.8193    0.000000       0.0000       0.0000
   11100.0000     333.8371    0.000000       0.0000       0.0000
   11400.0000     334.8580    0.000000       0.0000       0.0000
   11700.0000     335.8820    0.000000       0.0000       0.0000
   12000.0000     336.9092    0.000000       0.0000       0.0000
   12300.0000     339.6092    0.000000       0.0000       0.0000
   12600.0000     342.3092    0.000000       0.0000       0.0000
   12900.0000     345.0092    0.000000       0.0000       0.0000
   13200.0000     347.7092    0.000000       0.0000       0.0000
   13500.0000     350.4092    0.000000       0.0000       0.0000
   13800.0000     353.1092    0.000000       0.0000       0.0000
   14100.0000     355.8092    0.000000       0.0000       0.0000
   14400.0000     358.5092    0.000000       0.0000       0.0000
   14700.0000     361.2092    0.000000       0.0000       0.0000
